# Outer iteration , resolution , Inner iteration , J=Jb+Jo , Jb , Jo, sqrt(rho), beta
 1  5   0  0.64765325E+05  0.00000000E+00  0.64765325E+05  0.35762028E+05  0.35762028E+05
 1  5   1  0.11183500E+04  0.63349218E+01  0.11120151E+04  0.37052117E+04  0.10734499E-01
 1  5   2  0.86658108E+02  0.66970209E+01  0.79961087E+02  0.83955653E+03  0.51342124E-01
 1  5   3  0.13305292E+02  0.67499688E+01  0.65553228E+01  0.33817992E+03  0.16225413E+00
 1  5   4  0.67585791E+01  0.67570051E+01  0.15740556E-02  0.41438953E+01  0.15014881E-03
 1  5   5  0.67577505E+01  0.67570062E+01  0.74436360E-03  0.33642834E-01  0.65912470E-04
 1  5   6  0.67577505E+01  0.67570062E+01  0.74430855E-03  0.30956722E-03  0.84669072E-04
 1  5   7  0.67577505E+01  0.67570062E+01  0.74430855E-03  0.20231038E-05  0.42709687E-04
 1  5   8  0.67577505E+01  0.67570062E+01  0.74430855E-03  0.21139534E-07  0.10918286E-03
